6.991980841500181065e-02
1.494363819027608176e-01
1.987514469006528284e-01
-3.849607846399531741e-02
2.490684668408686686e-02
1.830121134245115411e-01
1.130439441180223492e-01
1.824482236679315639e-01
2.858075783263528402e-01
3.158811985574964121e-01
2.942460482543204359e-01
3.338039150356699736e-01
2.289474620649775694e-01
1.612421370535469523e-01
2.355248352838539838e-01
1.004226826976526710e-01
1.441988705645121382e-01
1.733810003360219398e-01
1.782418369832275140e-01
2.477578826546527058e-01
2.853463543947771797e-01
3.190051059976427572e-01
1.969911449553705673e-01
2.640075050511575538e-01
-1.825491772609626473e-01
-9.883740092149637113e-02
1.667530700281273925e-01
1.884662832251452480e-01
2.041475494454398909e-01
1.100513334538540111e-01
-3.727856257952495700e-02
8.332088391935265140e-03
1.668123802437320446e-01
3.167462860392954160e-02
3.588908397441792353e-02
1.271801878753859860e-01
1.614187223718725750e-01
-2.112101183214060846e-02
2.842514260019224359e-02
-1.131230782642411378e-03
1.545113234633340056e-02
9.295047420814780970e-02
1.982275843419629147e-01
1.835531871259084569e-01
1.706373017576190976e-01
4.466815301775940716e-02
2.062621943519745565e-02
5.303544876398075258e-02
1.629709163032032615e-01
9.197595810985043085e-02
3.664935802830245060e-02
3.044463700500629755e-02
3.104916152657108408e-02
4.289128173851818049e-02
2.843124236360541901e-02
9.436458649664300480e-02
4.657038612371922071e-02
5.433090643379279161e-02
1.194071243766866575e-01
3.886694751809001425e-02
7.539047291231712467e-02
7.104826575840716973e-02
9.734106000951225912e-02
3.373498414224831987e-02
1.700329876142023799e-01
2.043229589149414549e-01
1.647858941731598081e-01
1.555678768292088343e-01
1.901693986057277352e-01
1.675982039914616917e-01
1.476583017557008548e-01
1.222088001189566009e-01
8.948449128220417603e-02
1.173741219317821216e-01
-1.336315106146463740e-02
3.131464690822501062e-02
3.886734533304528338e-02
2.942609809034536783e-02
-6.162422822607918627e-02
1.809352642424199853e-01
1.406681133678039375e-01
1.023812177093684217e-01
1.557610407186670320e-01
7.149178116016674522e-02
1.029877455977679934e-01
7.569331891187877637e-02
7.351427952632375029e-02
5.838113113034262835e-02
-4.156199652535283451e-02
1.274378752871831999e-01
-2.570079564658556831e-02
-1.709570102311083056e-02
1.371728730453325440e-01
9.117857531659390169e-02
1.599587561845743910e-01
1.290928169327440478e-01
1.153000365828036333e-01
1.149493360147532395e-01
1.237559105215107515e-02
6.301808037244360783e-02
2.387443702086269881e-02
-4.701830659447614469e-02
1.357184990536415281e-01
4.526343805604460258e-02
-3.367583448082768494e-02
5.144974165114894749e-02
9.644822700301919696e-03
-5.733033489877389921e-02
6.324129915101123212e-02
4.256020113401733085e-02
5.168386787819591321e-02
1.213622424602492089e-01
7.271817837778998816e-02
3.252472638838341257e-02
8.366862857069806703e-02
8.171557658428554860e-02
7.986039693111207649e-02
1.133137265180172160e-01
1.357539881284324235e-01
1.024247581901783534e-02
1.182891445099419070e-01
2.711539005436551519e-02
-1.645815747760335374e-02
2.949031404010542257e-02
-7.357275300174369662e-03
9.302271644090520653e-02
-2.014181564114154999e-02
1.097920051662794605e-01
2.670971898563782865e-02
-6.194904213253712641e-03
3.588610077837658952e-03
5.772174280312647454e-02
4.834885917841237613e-03
-1.823109882411127342e-02
-2.539767161350754004e-02
5.593774437532733623e-02
6.947600289637017451e-03
8.308381867037012425e-02
2.466598852952307797e-02
1.729763461206360736e-02
-5.313016328015658304e-03
2.945836074590907350e-02
-4.733174320743965824e-03
4.383494889110220449e-02
7.270169751356286153e-03
1.968929748975788846e-02
-1.227844695412260052e-02
-7.004785640274419772e-04
1.148217722016475935e-02
5.505094094764535068e-03
8.728264967813788647e-03
6.963037788904127834e-02
6.569866494106013644e-02
2.630938618798926709e-02
2.879352253079832391e-02
2.367775928072001976e-03
8.715319157833822938e-02
2.877937054169635300e-02
6.301497322795060474e-02
-4.496887702047988947e-03
1.061829089393138692e-01
2.802748385805495235e-02
5.168143535853388093e-02
5.062587968029982899e-02
4.476010485791491467e-02
7.588276471895993858e-02
4.462037019001201255e-02
7.011132339383574497e-02
5.620223390923276274e-02
3.149520689638718451e-02
6.976601603817811359e-02
3.221366612750321823e-02
6.816991638554770194e-02
4.413083443157504726e-02
2.653673000337201937e-02
2.695190553946145984e-02
2.507130471287236095e-02
2.933591667370788122e-03
-4.822752128179648781e-03
8.697847649148460550e-03
4.280815488026319324e-03
1.373855197869093027e-02
-1.016054880859195743e-02
2.699231254214028153e-02
2.721059968268334239e-02
4.180326654998034464e-02
6.108380027676701962e-02
2.095369920487769738e-02
4.867294791624740546e-02
4.314211546020110810e-02
6.090783071086397493e-02
3.003927086287834503e-02
6.469152783619505631e-02
5.448869667286806995e-02
6.206925468371463084e-02
4.748813682493510657e-02
7.751120014414838999e-02
5.236480605441616587e-02
5.789115725199411866e-02
5.015702983834975648e-02
5.490148775847494833e-02
8.092998645183832607e-02
6.613335887066856822e-02
5.954480287281341266e-02
4.147941562022436357e-02
5.622729317996588705e-02
7.188833520865073323e-02
6.125486190798634656e-02
2.540802926412251417e-02
3.675908922392347178e-02
6.224598829949432033e-02
5.312069063723900975e-02
4.012542899640253458e-02
2.864487028109853617e-02
6.949015996999466371e-02
5.046627693811757409e-02
3.608319847520762014e-02
6.219152120361090552e-02
6.271254317114666188e-02
3.769278293847275196e-02
6.185730804558320362e-02
6.741206806971983267e-02
6.019331661643645415e-02
4.274252696358996073e-02
4.420831851187215222e-02
5.180756019057866646e-02
5.479939430909161469e-02
4.855243172894935233e-02
4.503674986730690777e-02
5.652788993615884272e-02
6.710279031443444619e-02
7.913601138730133600e-02
4.957247172226131315e-02
3.974269243508289640e-02
6.068017231397154765e-02
7.660765963305929405e-02
5.825903493934037058e-02
4.743929487946822732e-02
5.580922208216837488e-02
6.055629485369590226e-02
3.511272855301761364e-02
5.431670759924323022e-02
7.560860949905379158e-02
6.318079905872298063e-02
6.288061657443944075e-02
6.821783109976692350e-02
5.176931954704215577e-02
6.495242204533471786e-02
6.206879343515919745e-02
7.326916688342327566e-02
5.535567587589673710e-02
4.027271634078068152e-02
6.282263276840562016e-02
6.096078784825056940e-02
5.583127157838069232e-02
5.321447193342279669e-02
5.082798808542245139e-02
6.699570599813928218e-02
6.947945812646436070e-02
7.344775201810554988e-02
8.886791215773101604e-02
5.341022430539434096e-02
5.928046753883126074e-02
5.675505075087103335e-02
1.734384572199319796e-02
1.234388457365848298e-02
1.930624067718810649e-02
1.936780875499935495e-02
1.365818135337781326e-02
2.789477004036075569e-02
2.738749030208949276e-02
2.043656257178232127e-02
8.015931104281212582e-04
1.788083207963878096e-02
1.396042240521352430e-02
4.551980123755630658e-02
7.243744593932832654e-02
2.940010106523034683e-02
4.245303430562565039e-02
3.531378571073484629e-02
8.362811241735271239e-02
6.639903570671867872e-02
6.224405573215008314e-02
6.213055428879427078e-02
5.611619559317487793e-02
4.895937047858998914e-02
4.939485107534886954e-02
8.161783181343912341e-02
6.815376511295628825e-02
4.182702496492218813e-02
5.652478325851995056e-02
7.791484437722975831e-02
5.157221239212617103e-02
5.099673873562413084e-02
5.976249859025137279e-02
5.312285843099232019e-02
5.066774317632125046e-02
7.110846912442972401e-02
5.273699387501651348e-02
4.395725615666566666e-02
4.306679529297054165e-02
4.195507142147907043e-02
6.239411653413329262e-02
4.747536433328264360e-02
6.481945707353772845e-02
4.057643193186571962e-02
5.392765555405666655e-02
4.662569898772327137e-02
5.498949136577113705e-02
4.085836252124175338e-02
5.660200600987791431e-02
4.627319390232541296e-02
4.137322587965290566e-02
5.311956912237078554e-02
5.197088015902753821e-02
6.264098860884320663e-02
4.935671246353440234e-02
6.132493573987368718e-02
4.312261258594207725e-02
5.475323012396082767e-02
5.571218736403957261e-02
3.437028963078572752e-02
4.337810467247694979e-02
6.181245808998114821e-02
5.219053155928947418e-02
3.669165864265365451e-02
4.092874165473679715e-02
5.497630569241551690e-02
4.145966407289466971e-02
3.535881899667767114e-02
5.588628964990011161e-02
4.432984812458651280e-02
5.123520029280691224e-02
4.694868975109982301e-02
5.140500754687284124e-02
3.361845086345098543e-02
5.560960184612370738e-02
6.079776799554810485e-02
4.922042754031333289e-02
4.698419330634388824e-02
4.595462591304571437e-02
5.413350848964178230e-02
