-1.357361966037495815e-01
3.286611875052130594e-01
5.864281237736334029e-01
1.439748999119797312e-01
-8.221935239089017688e-02
5.348216133904210023e-01
5.573242333559992323e-01
6.303623151615098674e-01
7.624139339035780338e-01
7.653057171314916474e-01
7.574788461259271966e-01
8.785020087559111124e-01
7.752455324694436101e-01
5.216611503257858606e-01
7.628216480289177204e-01
2.477569615457175800e-01
2.941928136833146801e-01
7.072613007410715191e-01
3.413424529411471786e-01
7.546898086505848813e-01
9.212378650020286441e-01
8.180200561180535068e-01
5.801145021943437952e-01
8.072388400119894225e-01
-9.899657782770914238e-01
-6.373819224368860725e-01
3.635596308111493924e-01
6.009076377493667298e-01
7.594422804803436788e-01
4.126372028728399477e-01
-3.219496680864854521e-01
5.268230305012333581e-02
6.099257922339578197e-01
-2.203121187660108393e-01
-2.222219803028668839e-01
4.395055062769270826e-01
6.278650491798685174e-01
-4.452875636070597332e-01
2.110435691601776353e-01
-1.862522635266621873e-01
-4.946710926672731601e-02
2.778627927619576887e-01
7.489400850981857705e-01
6.438970889808032227e-01
7.968418472010202480e-01
4.117133216110102287e-03
-8.638258340366744559e-02
1.280688547893674145e-01
7.047048592692957136e-01
4.104211443938658443e-01
5.407173435882201007e-02
7.129604209937343007e-03
8.534987608700034256e-02
4.596684139461662544e-02
-2.334916440080783695e-02
1.793127492208907992e-01
2.551779647236577381e-02
2.951769648991648398e-01
4.569661936058141971e-01
-1.406724798286465017e-01
1.542664095679322500e-01
2.147829173406203829e-01
4.389718259131709654e-01
1.200158463291127464e-03
6.803204770714663674e-01
8.404061383255437834e-01
6.690726825119811538e-01
7.555399583700219690e-01
8.030171493157655105e-01
5.870014220426059692e-01
5.505046667910368230e-01
5.489003707802084797e-01
4.544713912154225155e-01
3.494978635052952698e-01
-4.888912067149738250e-01
-8.965711670091355834e-02
5.905318901900987599e-03
-8.882499872196741864e-02
-6.954462250008582869e-01
7.764844401038016874e-01
6.120998090720533025e-01
3.723981914060382481e-01
6.629307357622432617e-01
3.383175849143172376e-01
4.209553488786799136e-01
3.329095985912193800e-01
2.935651135775260157e-01
1.630929708008188594e-01
-1.983984253141249376e-01
4.742659085247534767e-01
-2.427219179008886507e-01
-3.485057004756560994e-01
6.954047055902300434e-01
3.453616348371082445e-01
6.895780665938243681e-01
5.126172863915746669e-01
4.420283860766903161e-01
3.757301813950333358e-01
-1.518956060835184307e-01
2.167217043607259641e-01
-8.399014962352061020e-02
-4.717364303017008709e-01
5.362748497808331738e-01
1.069319233222973953e-01
-3.157757655126423035e-01
8.882953287648479024e-02
-2.916827704540106980e-01
-5.833372504409213288e-01
3.494150781164377939e-01
-1.459847125656605661e-02
1.729515057145952495e-01
2.638387434185598401e-01
8.070531275710364841e-03
7.511042229148928717e-02
2.938764258267569929e-01
1.759596663044416670e-03
2.003202853803127681e-01
3.099144767619356755e-01
2.382500349885512403e-01
-1.450340490114205294e-01
3.017454796188366872e-01
-5.375203933319308569e-02
4.732010848622382471e-03
5.913704934650293454e-03
-3.896537597003829623e-01
2.115385061249301368e-01
1.800754904913892673e-01
1.509393149021323599e-01
1.878972863330109766e-02
-2.304935752520831382e-01
-1.971830221925751081e-01
3.522605447879599561e-02
-2.924590443497486758e-01
-3.241173512015689262e-01
-2.965895592812515247e-01
1.842047115920167344e-01
-3.485047985569390827e-02
1.764196460243099701e-02
-1.727489591797278512e-01
-1.641351159879183563e-01
-2.706499556229782083e-02
-1.466513702956030209e-02
-1.541100371169777140e-02
6.541725402604592343e-02
-1.250024757411327125e-01
-1.883154571482919398e-02
-1.927346584207107472e-01
-5.366718310669391090e-02
-3.066546529748211819e-02
-5.563887184243419132e-02
9.932108150641419733e-03
-7.778710998340981897e-02
5.083749115631341908e-02
2.189433821231777377e-02
6.250491228211974004e-02
-1.020776022402388739e-01
1.647494342121036681e-01
8.122545252923504822e-02
1.263007059794311049e-01
-1.481641255791885659e-01
9.975800105848667276e-02
3.044954104795787042e-02
1.382146573827812593e-02
4.007219007542496547e-02
8.554540958701742359e-02
-1.503849342688520947e-02
2.675516118626691114e-03
5.689724275256900082e-02
-1.204794830435859943e-01
-8.067459329977713645e-02
-3.200890968698615058e-02
-4.518417834182693327e-02
-7.855622280263390225e-03
-7.662954168056262949e-02
-4.512448437259614087e-02
-4.382613925927508758e-02
-5.803369435418898742e-02
-9.763533586956191224e-02
-4.438805419959193643e-02
-6.666815388746663573e-02
-3.419063696461238644e-02
-1.058622988291230312e-02
-4.116876216265906441e-02
-5.845236913977056720e-02
-4.782562981168828053e-02
-7.457992876762914447e-02
-1.561486736582149426e-01
-7.346103626045352719e-02
-1.395785247235277748e-01
-1.190167860090408092e-01
-1.720209049058638584e-01
-1.014699818730672720e-01
-1.394136080008047951e-01
-9.964496715606782629e-02
-1.709626660584772639e-01
-1.425933439233452171e-01
-2.152272323093695205e-01
-1.125231320693346471e-01
-1.145622403385724575e-01
-1.467091275494308844e-01
-2.155858302373491742e-01
-1.854673698714666696e-01
-1.481953732616113073e-01
-1.122395556690604368e-01
-1.556141179562872678e-01
-1.500780554879456163e-01
-2.094728116909519988e-01
-1.411864804552397934e-01
-7.336854112479904155e-02
-1.237880582394460249e-01
-1.923600579785316733e-01
-1.534409442434451765e-01
-7.406090380375415783e-02
-1.039834734278280159e-01
-1.383042166194978217e-01
-9.649784804975999886e-02
-9.913641318281385395e-02
-1.711895414089226741e-01
-1.519460808200066571e-01
-1.153346322453943640e-01
-1.676419890212341168e-01
-1.873983228439839444e-01
-1.619545121275030031e-01
-1.233295589295952677e-01
-1.111026532052319937e-01
-1.456713035990315763e-01
-1.035678272796348443e-01
-1.542765964403913781e-01
-8.181992504166610281e-02
-1.256741624599596041e-01
-1.391847053123616562e-01
-1.567636343625500306e-01
-1.341287964013918588e-01
-1.684375112259261509e-01
-1.282476656019109762e-01
-2.062375806508160436e-01
-1.068567333492474736e-01
-1.262187811541757854e-01
-1.546633180865962243e-01
-1.327060003761270091e-01
-1.047654117802683249e-01
-1.443179070361342853e-01
-2.004656883482741070e-01
-1.458883228798014686e-01
-1.555814219803178799e-01
-1.449838719230276407e-01
-1.422253791192624184e-01
-1.429716958378829395e-01
-1.202491749202524163e-01
-1.691739953251377715e-01
-1.296832047886125050e-01
-8.702051203052799111e-02
-1.673508960344826657e-01
-1.445614074355451306e-01
-1.552678165571927948e-01
-1.001445277994281735e-01
-1.190033548106821382e-01
-1.337770551827860421e-01
-1.870253636836728961e-01
-1.549591917637027083e-01
-1.540828434679652470e-01
-8.855646606783998398e-02
-1.187317074568634279e-01
-1.567598763595334233e-01
-6.393501332016310323e-02
-6.247420534921236529e-02
-5.158394307900962539e-02
-9.420550351351900109e-02
-6.107015729831517109e-02
-4.828747793749253725e-02
-1.170976267240478041e-01
-1.016030795612955506e-01
-3.552359620025309639e-02
-8.988793065044675679e-02
-3.127596092901653579e-02
-1.038308020439853985e-01
-1.393237275785795815e-01
-3.378166428143643263e-02
-1.153987893488346295e-01
-7.482409711153611975e-02
-2.150049139071550930e-01
-1.361076499909819604e-01
-1.284737343110795016e-01
-1.515423457936529994e-01
-1.185156962553713667e-01
-1.009256344114448922e-01
-1.314030574295003140e-01
-2.023838372135684516e-01
-1.754995605731167752e-01
-1.070883929437254356e-01
-1.461760331183235007e-01
-1.730170536601802200e-01
-1.402045638300707386e-01
-1.586498647363454029e-01
-1.283254026326634545e-01
-1.526692950235684909e-01
-1.384719964070610376e-01
-1.910274302311993910e-01
-1.305844490055024232e-01
-8.668629606034267132e-02
-1.151130187933187832e-01
-1.138546022116618817e-01
-1.668412298226886747e-01
-1.428313753361113436e-01
-1.792103780328107021e-01
-1.137125696476082304e-01
-9.936933262912864273e-02
-1.210608533512122220e-01
-1.592924245678202788e-01
-1.306543275761604117e-01
-1.708751648006539559e-01
-1.199888266582591900e-01
-1.258479524474169775e-01
-1.453798441549993825e-01
-1.485926378745558440e-01
-1.867678279604010894e-01
-1.182288530875581223e-01
-1.694366765435937339e-01
-1.205856887285276791e-01
-1.386778824391655673e-01
-1.603228614950265585e-01
-9.188479977484997896e-02
-1.089760772575649184e-01
-1.477162070672388694e-01
-1.336799411000664795e-01
-9.987663957378029034e-02
-6.193972101384189605e-02
-9.858723307113853584e-02
-1.052314365853749267e-01
-9.565152997804732271e-02
-1.328738973412505464e-01
-1.155572129582549401e-01
-1.311957988367014605e-01
-1.085628492385184163e-01
-1.006030663181941287e-01
-8.027060968914340178e-02
-1.255876894064552052e-01
-1.116440255834994233e-01
-8.518311799202449297e-02
-1.194594767934913648e-01
-8.281193421600629989e-02
-9.132709786491635673e-02
